((("SHEET_USE" .
   [0 0 0 0 0 0 0 0 1])
  ("col_inv" .
   [0 0 0 1 0 0 0])
  ("bysize" .
   [0 0 0 1 0 0])
  ("bxsize" .
   [1 0 0 1 1 0])
  ("vy0" .
   [1 0 0])
  ("vx0" .
   [1 0 0])
  ("512" .
   [1 0 0])
  ("mouse_decode" .
   [0 0 0 0 0 0 0 0 0 0 1 0])
  ("sht" .
   [11 0 0])
  ("SHEET" .
   [2 0 0 0 0])
  ("sheets" .
   [2 0 0 0 0 0])
  ("sheet_updown" .
   [0 0 0 0 0 0 0 0 1 0 1 0])
  ("256" .
   [1 0 0])
  ("150" .
   [1 0 0])
  ("memman_free" .
   [1 0 0 0 0 0 0 0 0 0 0])
  ("eax" .
   [2 0 0])
  ("12" .
   [1 0])
  ("28" .
   [2 0])
  ("api_putstrwin" .
   [0 0 0 0 0 1 0 0 0 0 0 0 0])
  ("43" .
   [1 0])
  ("36" .
   [1 0])
  ("api_boxfilwin" .
   [0 0 0 0 0 0 0 0 1 0 0 0 0])
  ("api_openwin" .
   [1 0 0 1 0 0 0 0 0 0 0])
  ("4" .
   [2])
  ("api_malloc" .
   [1 0 0 0 0 0 0 0 0 0])
  ("cur_max" .
   [20 0 0 1 1 0 0])
  ("10006" .
   [0 0 0 1 0])
  ("next" .
   [1 0 0 0])
  ("72" .
   [2 0])
  ("80" .
   [1 0])
  ("sheet_slide" .
   [1 0 0 0 0 0 0 0 0 0 0])
  ("160" .
   [1 0 0])
  ("68" .
   [1 0])
  ("make_window8" .
   [0 0 0 0 1 0 0 0 0 0 0 0])
  ("sheet_setbuf" .
   [1 0 0 0 0 0 0 0 0 0 0 0])
  ("shtctl" .
   [9 0 0 0 0 0])
  ("sheet_alloc" .
   [0 0 0 0 0 0 0 0 0 1 0])
  ("buf_win" .
   [3 0 0 0 0 0 0])
  ("sht_win" .
   [4 0 0 0 0 0 0])
  ("sht_mouse" .
   [1 0 0 0 0 0 0 0 0])
  ("HariMain" .
   [1 0 0 0 0 0 0 0])
  ("memman_alloc" .
   [1 0 0 0 0 0 0 0 0 0 0 0])
  ("memman" .
   [0 0 1 1 0 5])
  ("memman_total" .
   [1 0 0 0 0 0 0 0 0 0 1 0])
  ("man" .
   [50 0 0])
  ("memman_init" .
   [1 0 0 0 0 0 0 0 0 0 0])
  ("free" .
   [23 0 0 1])
  ("losts" .
   [3 0 0 0 0])
  ("lostsize" .
   [1 0 0 0 1 0 0 1])
  ("maxfrees" .
   [1 0 0 0 1 1 1 0])
  ("frees" .
   [16 0 0 0 6])
  ("MEMMAN" .
   [5 0 0 0 0 6])
  ("FREEINFO" .
   [1 0 0 0 1 0 0 0])
  ("0x003c0000" .
   [1 0 0 0 0 0 0 0 0 0])
  ("MEMMAN_ADDR" .
   [1 0 0 0 0 0 0 0 0 0 0])
  ("4090" .
   [1 0 0 0])
  ("MEMMAN_FREES" .
   [1 0 0 0 0 0 0 1 1 0 0 1])
  ("eflags" .
   [0 0 0 1 0 0])
  ("io_store_eflags" .
   [0 0 0 0 1 0 0 0 0 0 0 0 0 0 0])
  ("rgb" .
   [2 0 0])
  ("0x03c9" .
   [0 0 1 0 0 0])
  ("0x03c8" .
   [1 0 0 0 0 0])
  ("io_out8" .
   [0 0 1 0 0 0 1])
  ("io_cli" .
   [1 0 0 0 0 0])
  ("my-fullscreen" .
   [0 0 1 0 0 0 0 0 0 0 0 0 0])
  ("initial-major-mode" .
   [0 0 0 1 0 0 0 0 0 0 0 0 0 0 0 0 0 0])
  ("initial-scratch-message" .
   [0 0 0 0 0 0 0 0 0 0 1 0 0 0 0 0 0 0 0 0 0 0 0])
  ("todo-cp" .
   [0 0 0 0 0 0 1])
  ("global-hl-line-mode" .
   [0 0 0 0 0 0 0 0 1 0 0 0 0 0 0 0 0 0 0])
  ("glyph-face" .
   [0 0 1 0 0 0 0 0 0 0])
  ("hl-line" .
   [0 0 2 0 0 0 0])
  ("semantic-bovine-debug-frame-child-p" .
   [0 0 0 0 0 0 0 0 0 0 0 0 0 0 0 0 1 0 0 0 0 0 0 0 0 0 0 0 0 0 0 0 0 0 0])
  ("semantic-bovine" .
   [0 0 0 0 0 0 0 0 0 0 1 0 0 0 0])
  ("semantic-c" .
   [0 0 0 0 0 0 0 0 0 1])
  ("global-srecode-minor-mode" .
   [0 0 0 0 0 0 0 0 0 0 1 0 0 0 0 0 0 0 0 0 0 0 0 0 0])
  ("semantic-load-enable-code-helpers" .
   [0 0 0 0 0 0 0 0 0 0 0 1 0 0 0 0 0 0 0 0 0 0 0 0 0 0 0 0 0 0 0 0 0])
  ("c-mode" .
   [3 0 0 0 0 0])
  ("eval-after-load" .
   [0 0 0 0 0 0 1 0 0 0 0 0 0 0 0])
  ("Cedet" .
   [0 0 1 0 0])
  ("symbol-function" .
   [0 0 0 0 0 0 0 0 1 0 0 0 0 0 0])
  ("dired-listing-switches" .
   [0 0 0 0 0 0 0 0 0 1 0 0 0 0 0 0 0 0 0 0 0 0])
  ("dired-mode-map" .
   [1 0 0 0 0 0 0 0 0 0 0 1 0 2])
  ("dired-toggle-display-hinden-file" .
   [0 0 0 0 0 0 3 1 3 0 0 0 0 0 0 0 0 0 0 0 0 0 0 0 0 0 0 0 0 0 0 0])
  ("dired" .
   [1 0 0 1 4])
  ("dired-keys" .
   [0 0 0 0 0 0 0 0 1 0])
  ("dig" .
   [0 0 1])
  ("enable-visual-studio-bookmarks" .
   [0 0 0 0 0 0 0 0 0 1 0 0 0 0 0 0 0 0 0 0 0 0 0 0 0 0 0 0 0 0])
  ("enable-theme" .
   [0 0 0 0 0 1 0 0 0 0 0 0])
  ("debug" .
   [1 0 0 0 1])
  ("add-" .
   [0 0 0 1])
  ("f12" .
   [1 0 0])
  ("YASnippet" .
   [0 0 0 0 0 0 0 1 0])
  ("lisp-interaction" .
   [1 0 0 0 0 0 0 0 0 0 0 0 0 0 0 0])
  ("lisp" .
   [1 0 0 0])
  ("tools" .
   [1 0 0 0 0])
  ("buffer" .
   [1 0 0 0 0 0])
  ("ListLength" .
   [0 0 0 0 1 2 0 0 0 0])
  ("OK" .
   [3 0])
  ("ERROR" .
   [2 0 0 0 0])
  ("MAXSIZE" .
   [0 0 1 0 0 0 0])
  ("length" .
   [13 0 7 2 3 0])
  ("ElemType" .
   [0 0 0 1 0 0 0 0])
  ("ListInsert" .
   [1 0 0 0 0 1 0 0 0 0])
  ("InitList" .
   [0 0 0 0 1 0 0 0])
  ("Status" .
   [1 0 0 0 0 1])
  ("SqList" .
   [3 0 1 1 0 0])
  ("List" .
   [1 0 0 0])
  ("76" .
   [1 0])
  ("msgqid2" .
   [1 0 0 0 0 0 0])
  ("msg2" .
   [1 0 0 0])
  ("75" .
   [1 0])
  ("mtext" .
   [2 0 1 1 0])
  ("msg" .
   [5 0 0])
  ("sent" .
   [0 0 0 1])
  ("300" .
   [1 0 0])
  ("addr" .
   [31 0 1 0])
  ("shmid" .
   [1 0 0 0 0])
  ("pack" .
   [11 0 0 0])
  ("pos" .
   [10 0 0])
  ("map" .
   [5 0 0])
  ("isOK" .
   [13 0 0 0])
  ("vis" .
   [23 0 3])
  ("sodu" .
   [9 0 0 0])
  ("Gift" .
   [1 0 0 0])
  ("Friend" .
   [1 0 0 0 0 1])
  ("ip2" .
   [1 0 0])
  ("ip_time" .
   [3 0 0 0 0 0 0])
  ("f0" .
   [2 0])
  ("maze" .
   [29 0 0 0])
  ("Point" .
   [3 0 0 0 0])
  ("fl" .
   [5 0])
  ("205" .
   [1 0 0])
  ("floor" .
   [11 0 0 0 0])
  ("down" .
   [12 0 0 0])
  ("steps" .
   [22 0 0 0 0])
  ("to" .
   [8 0])
  ("swap" .
   [2 0 0 0])
  ("q" .
   [1])
  ("1000005" .
   [1 0 0 0 0 1 0])
  ("vr" .
   [1 0])
  ("vl" .
   [3 0])
  ("eps" .
   [8 0 0])
  ("PI" .
   [1 0])
  ("makeR" .
   [1 0 0 0 0])
  ("m1" .
   [5 0])
  ("tan" .
   [2 0 0])
  ("sqrt" .
   [1 0 0 0])
  ("max1" .
   [22 0 0 0])
  ("max2" .
   [12 0 0 0])
  ("wi" .
   [4 0])
  ("filled" .
   [2 0 0 0 0 0])
  ("Coins" .
   [5 0 0 1 0])
  ("coins" .
   [1 0 0 0 0])
  ("empty" .
   [2 0 0 0 0])
  ("5" .
   [1])
  ("rand" .
   [2 0 0 0])
  ("high" .
   [6 0 0 0])
  ("area" .
   [3 0 0 0])
  ("cube" .
   [5 0 0 0])
  ("chess" .
   [46 0 0 0 0])
  ("51" .
   [1 0])
  ("52" .
   [2 0])
  ("cow" .
   [9 0 0])
  ("49" .
   [3 0])
  ("m" .
   [3])
  ("f2" .
   [2 0])
  ("f1" .
   [6 0])
  ("f3" .
   [4 0])
  ("math" .
   [5 0 0 0])
  ("pow" .
   [7 0 0])
  ("20" .
   [1 0])
  ("y_ttm" .
   [1 0 0 0 0])
  ("x_ttm" .
   [0 0 0 1 0])
  ("the_ball" .
   [1 0 0 1 0 1 0 0])
  ("COLS" .
   [1 0 0 3])
  ("LINES" .
   [6 0 0 2 1])
  ("mvaddch" .
   [0 0 2 0 1 1 0])
  ("TICKS_PER_SEC" .
   [0 0 0 0 0 0 1 0 0 0 0 0 0])
  ("set_ticker" .
   [1 0 0 1 0 0 0 0 0 0])
  ("find" .
   [1 0 0 0])
  ("replace" .
   [1 0 0 0 0 0 0])
  ("encode" .
   [1 0 0 0 0 3])
  ("unicode" .
   [2 0 0 0 0 0 1])
  ("filesname" .
   [1 0 1 0 3 0 0 1 1])
  ("dirnames" .
   [0 0 0 0 0 0 0 1])
  ("parent" .
   [4 0 0 0 0 0])
  ("os" .
   [5 0])
  ("load_files" .
   [2 0 0 0 0 0 0 0 0 1])
  ("open" .
   [2 0 0 0])
  ("trans_files" .
   [1 0 0 0 0 0 0 0 1 0 0])
  ("source" .
   [5 0 0 0 1 0])
  ("ndelay" .
   [1 0 0 0 0 0])
  ("mode" .
   [4 0 0 0])
  ("mode_to_letters" .
   [0 0 0 0 1 1 0 0 0 0 0 0 0 0 1])
  ("show_info" .
   [1 0 0 0 2 0 0 0 0])
  ("bufstat" .
   [4 0 0 2 3 0 4])
  ("samael" .
   [9 0 0 0 0 0])
  ("dir" .
   [11 0 0])
  ("c1" .
   [1 0])
  ("Complex" .
   [0 0 0 1 1 0 0])
  ("login_frame" .
   [0 0 0 0 0 0 0 0 1 0 0])
  ("App" .
   [1 0 0])
  ("pass" .
   [4 0 2 3])
  ("point_x" .
   [3 0 0 0 0 1 0])
  ("200" .
   [24 0 0])
  ("glade" .
   [1 0 0 0 0])
  ("fprintf" .
   [1 0 0 1 0 0 0])
  ("cpu_r" .
   [3 0 0 0 0])
  ("RECORD" .
   [3 0 0 0 0 0])
  ("fopen" .
   [2 0 0 0 0])
  ("fp2" .
   [6 0 0])
  ("idle" .
   [1 0 0 0])
  ("cpur" .
   [2 0 0 0])
  ("cpu_i" .
   [3 0 0 0 0])
  ("cpu_u" .
   [2 0 0 0 0])
  ("irq1" .
   [1 0 0 0])
  ("softirq2" .
   [1 0 0 0 0 0 0 0])
  ("iowait2" .
   [0 0 0 0 0 0 4])
  ("system1" .
   [1 0 0 0 0 0 0])
  ("nice1" .
   [2 0 0 0 1])
  ("nice2" .
   [2 0 0 0 0])
  ("user1" .
   [2 0 0 1 0])
  ("user2" .
   [4 0 0 0 1])
  ("irq2" .
   [0 0 0 4])
  ("iowait" .
   [0 0 0 0 0 1])
  ("system2" .
   [3 0 0 0 0 0 0])
  ("cpu2" .
   [1 0 0 0])
  ("softirq1" .
   [1 0 0 0 1 0 0 5])
  ("idle2" .
   [2 0 0 1 3])
  ("idle1" .
   [5 0 0 0 0])
  ("nice" .
   [1 0 0 2])
  ("system" .
   [1 0 0 1 0 4])
  ("user" .
   [4 0 0 0])
  ("cpu" .
   [3 0 0])
  ("double" .
   [14 0 0 0 0 0])
  ("cpu1" .
   [6 0 1 0])
  ("fclose" .
   [2 0 0 0 0 0])
  ("fscanf" .
   [1 0 0 0 0 0])
  ("file" .
   [18 0 0 0])
  ("FILE" .
   [2 0 0 0])
  ("std" .
   [4 0 0])
  ("p" .
   [5])
  ("1000000" .
   [3 0 0 0 0 1 0])
  ("1000001" .
   [11 0 2 0 3 0 1])
  ("true" .
   [1 0 0 0])
  ("cost" .
   [3 0 0 0])
  ("cmp" .
   [5 0 0])
  ("qsort" .
   [3 0 0 0 0])
  ("105" .
   [6 0 0])
  ("101" .
   [1 0 0])
  ("aver5" .
   [2 0 0 0 0])
  ("mt2" .
   [3 0 0])
  ("mt4" .
   [1 0 0])
  ("mt5" .
   [4 0 1])
  ("students" .
   [5 0 1 13 2 1 5 13])
  ("Macao" .
   [1 0 0 0 0])
  ("1001" .
   [3 0 0 0])
  ("1005" .
   [10 0 0 2])
  ("10" .
   [12 0])
  ("1002" .
   [2 0 0 0])
  ("define" .
   [9 0 0 0 0 1])
  ("10000" .
   [7 0 0 0 1])
  ("stdin" .
   [2 0 0 0 0])
  ("fgets" .
   [2 0 0 0 0])
  ("strnum" .
   [12 0 0 0 1 0])
  ("EOF" .
   [34 0 0])
  ("start" .
   [46 0 0 0 0])
  ("1" .
   [19])
  ("1000" .
   [15 0 3 0])
  ("e" .
   [2])
  ("~/el/xscheme/xscheme.el" .
   [0 0 0 0 0 0 0 0 0 0 0 0 0 1 0 0 0 0 0 0 0 0 0])
  ("~/el/xscheme/" .
   [0 0 0 0 0 0 1 0 0 0 0 0 0])
  ("xscheme-mode" .
   [0 0 0 1 0 0 0 1 0 0 0 0])
  ("马里奥" .
   [0 0 1])
  ("tmp" .
   [31 0 0])
  ("strncpy" .
   [1 0 0 0 0 0 0])
  ("strlen" .
   [37 0 0 0 0 0])
  ("strch" .
   [2 0 0 0 0])
  ("new_root" .
   [1 0 0 0 0 0 0 0])
  ("strchr" .
   [6 0 0 0 0 0])
  ("lastOrder" .
   [4 0 0 5 8 0 0 0 0])
  ("top" .
   [26 0 0])
  ("s1" .
   [55 0])
  ("s2" .
   [44 0])
  ("do" .
   [4 0])
  ("primes" .
   [8 0 0 0 3 0])
  ("100" .
   [19 0 0])
  ("isprime" .
   [7 0 4 4 5 0 0])
  ("long" .
   [60 0 1 0])
  ("100001" .
   [1 0 0 0 0 0])
  ("begin" .
   [13 0 0 0 0])
  ("end" .
   [45 0 0])
  ("max" .
   [147 0 0])
  ("min" .
   [37 0 0])
  ("tree" .
   [50 0 0 0])
  ("scanf" .
   [86 1 11 8 4])
  ("global" .
   [0 0 1 0 1 5])
  ("row" .
   [16 0 0])
  ("not" .
   [3 0 0])
  ("board2" .
   [25 0 0 0 0 2])
  ("board_temp" .
   [6 0 0 0 0 0 0 0 0 0])
  ("board1" .
   [6 0 0 0 0 0])
  ("col" .
   [4 0 0])
  ("point" .
   [47 0 1 1 2])
  ("or" .
   [1 0])
  ("and" .
   [11 0 0])
  ("abs" .
   [4 0 0])
  ("count" .
   [96 0 0 7 0])
  ("false" .
   [3 0 0 0 0])
  ("org" .
   [1 0 0])
  ("get_books" .
   [2 0 0 0 0 0 0 0 0])
  ("items" .
   [3 0 0 0 0])
  ("show" .
   [17 0 0 0])
  ("show_books" .
   [2 0 0 0 0 0 0 0 0 0])
  ("mysql_free_result" .
   [1 0 0 0 0 0 0 0 0 0 0 0 0 1 0 0 0])
  ("books" .
   [14 0 0 0 0])
  ("typedef" .
   [2 0 3 8 5 0 0])
  ("field_count" .
   [3 0 0 0 0 3 0 0 0 0 0])
  ("mysql_close" .
   [2 0 0 0 0 0 0 0 0 0 0])
  ("sqlrow" .
   [4 0 1 1 0 0])
  ("mysql" .
   [2 0 0 0 0])
  ("res_ptr" .
   [3 0 0 0 0 0 0])
  ("mysql_query" .
   [1 0 0 0 0 0 0 0 0 0 0])
  ("res" .
   [20 0 0])
  ("mysql_init" .
   [2 0 0 0 0 0 0 0 0 0])
  ("strcat" .
   [2 0 0 0 0 0])
  ("static" .
   [4 0 0 0 1 0])
  ("get_choice" .
   [0 0 0 0 1 0 0 0 0 0])
  ("start_row" .
   [1 0 0 0 0 0 1 0 0])
  ("mvprintw" .
   [0 0 1 0 0 0 0 0])
  ("borrower" .
   [3 0 1 0 0 0 0 0])
  ("borrowed" .
   [0 0 0 1 1 0 0 1])
  ("tag" .
   [7 0 0])
  ("START_COLS" .
   [6 0 2 1 0 1 0 0 0 1])
  ("START_ROW" .
   [4 0 1 0 0 0 0 0 1])
  ("comment" .
   [2 0 0 0 1 0 0])
  ("author" .
   [4 0 0 0 1 0])
  ("choice" .
   [8 0 0 0 0 0])
  ("add_menu" .
   [0 0 0 2 4 0 0 0])
  ("item" .
   [22 0 0 0])
  ("book" .
   [14 0 0 0])
  ("inc" .
   [8 0 1])
  ("initBiTree" .
   [0 0 0 0 1 0 0 0 0 0])
  ("initBitNode" .
   [0 0 0 3 0 0 0 0 0 0 1])
  ("Node" .
   [24 0 0 1])
  ("T" .
   [2])
  ("BiTNode" .
   [0 0 6 2 0 0 0])
  ("BiTree" .
   [0 0 3 3 1 0])
  ("rchild" .
   [6 0 0 0 0 0])
  ("lchild" .
   [7 0 0 0 0 1])
  ("size" .
   [39 0 0 0])
  ("data" .
   [40 0 2 0])
  ("default" .
   [0 0 1 0 0 0 2])
  ("break" .
   [78 1 4 0 0])
  ("case" .
   [33 0 2 1])
  ("switch" .
   [3 0 1 5 1 0])
  ("putchar" .
   [0 0 1 4 1 0 0])
  ("main" .
   [34 0 56 8])
  ("stdio" .
   [40 0 0 2 1])
  ("step" .
   [47 0 0 2])
  ("runDosbox.sh" .
   [0 0 0 1 0 0 0 0 0 0 0 0])
  ("datetime" .
   [0 0 0 1 2 0 0 0])
  ("continue" .
   [1 0 6 4 1 0 1 17])
  ("conn" .
   [21 0 0 2])
  ("MySQLdb" .
   [1 0 2 1 0 0 0])
  ("import" .
   [14 0 3 1 2 1])
  ("print" .
   [82 0 0 1 1])
  ("require" .
   [1 0 1 5 9 0 0])
  ("load-path" .
   [2 0 0 0 1 0 3 1 0])
  ("dired-lis" .
   [0 0 1 0 0 0 0 0 1])
  ("add-to-list" .
   [0 0 0 1 2 0 2 1 0 0 4])
  ("include" .
   [124 0 4 3 6 3 49])
  ("for" .
   [360 0 4])
  ("class" .
   [7 0 3 0 6])
  ("models" .
   [1 0 1 1 0 0])
  ("helloworld" .
   [1 0 0 0 1 1 0 0 0 0])
  ("bank" .
   [2 0 0 0])
  ("from" .
   [16 0 0 0])
  ("def" .
   [17 0 0])
  ("now" .
   [58 0 0])
  ("return" .
   [113 0 3 12 9 28])
  ("HttpResponse" .
   [0 0 0 0 1 0 0 0 0 0 0 0])
  ("html" .
   [1 0 0 0])
  ("dirent" .
   [0 0 2 0 1 2])
  ("n" .
   [56])
  ("unistd" .
   [2 0 0 0 0 0])
  ("int" .
   [569 0 1])
  ("opt" .
   [4 0 0])
  ("flag" .
   [38 0 0 4])
  ("if" .
   [594 0])
  ("getopt" .
   [0 0 0 0 1 0])
  ("argc" .
   [1 0 0 0])
  ("argv" .
   [3 0 0 1])
  ("d" .
   [17])
  ("name" .
   [18 0 0 0])
  ("optarg" .
   [1 0 0 0 0 2])
  ("struct" .
   [66 0 0 16 7 15])
  ("entery" .
   [1 0 1 1 0 1])
  ("while" .
   [153 0 3 3 2])
  ("printf" .
   [81 0 253 10 4 33])
  ("entry" .
   [20 0 0 6 4])
  ("sys" .
   [12 0 2])
  ("d_name" .
   [15 0 11 6 0 0])
  ("strcmp" .
   [23 0 0 0 3 0])
  ("Couldn" .
   [1 0 0 0 0 0])
  ("else" .
   [157 0 1 0])
  ("stat" .
   [13 0 0 1])
  ("lstat" .
   [1 0 0 0 0])
  ("buf" .
   [39 0 0])
  ("l" .
   [2])
  ("char" .
   [149 0 3 0])
  ("filename" .
   [7 0 0 1 4 2 1 0])
  ("postfix" .
   [7 1 1 2 4 1 2])
  ("f" .
   [11])
  ("fileterfile" .
   [1 0 0 0 0 0 0 0 0 0 0])
  ("num1" .
   [2 0 0 0])
  ("num2" .
   [5 0 0 1])
  ("s" .
   [71])
  ("string" .
   [20 0 0 0 0 0])
  ("strrchr" .
   [0 0 0 0 1 0 1])
  ("NULL" .
   [34 0 0 0])
  ("malloc" .
   [8 0 0 0 0 0])
  ("sizeof" .
   [17 1 1 22 6 10])
  ("DIR" .
   [1 0 0])
  ("dp" .
   [4 0])
  ("filter_postfix" .
   [0 0 2 0 0 0 1 0 0 0 0 0 0 0])
  ("flodername" .
   [0 0 2 1 3 0 0 0 0 4])
  ("count_file_lines" .
   [0 0 0 2 0 0 1 0 0 0 0 0 0 0 0 0])
  ("sum" .
   [270 0 2])
  ("c" .
   [31])
  ("S_ISDIR" .
   [0 0 3 0 0 0 0])
  ("st_mode" .
   [1 0 2 1 0 0 0])
  ("closedir" .
   [0 0 0 0 0 1 0 0])
  ("line" .
   [34 0 0 0])
  ("fp" .
   [8 0])
  ("b" .
   [9])
  ("count_folder_lines" .
   [0 0 0 0 0 0 1 0 0 0 0 0 0 0 0 0 0 0])
  ("depth" .
   [11 0 0 0 0])
  ("chdir" .
   [1 0 1 0 1])
  ("num" .
   [250 0 1])
  ("total" .
   [3 0 1 0 0])
  ("t" .
   [5])
  ("PreOrdertraverse" .
   [1 0 1 0 0 0 0 0 0 0 0 0 0 0 0 0])
  ("inline" .
   [0 0 1 3 0 1])
  ("conn_ptr" .
   [1 0 0 0 4 1 0 0])
  ("get_conn" .
   [1 0 0 3 0 0 0 0])
  ("conn_my_library" .
   [1 0 0 0 1 1 0 1 0 0 0 0 0 0 0])
  ("extern" .
   [0 0 1 3 0 1])
  ("ok" .
   [1 0])
  ("MYSQL" .
   [3 0 0 0 0])
  ("abc" .
   [2 0 0])
  ("efg" .
   [1 0 0])
  ("hij" .
   [1 0 0])
  ("move" .
   [7 0 0 0])
  ("refresh" .
   [0 0 1 1 0 0 0])
  ("attron" .
   [0 0 0 0 1 1])
  ("i" .
   [82])
  ("getch" .
   [1 0 0 0 0])
  ("A_REVERSE" .
   [0 0 1 0 0 0 0 0 1])
  ("noecho" .
   [1 0 0 0 0 0])
  ("void" .
   [66 0 0 0])
  ("clear" .
   [4 0 0 0 1])
  ("option" .
   [10 0 0 2 0 0])
  ("setq" .
   [7 0 1 1])
  ("default-major-mode" .
   [0 0 0 0 0 0 0 0 0 0 1 0 0 0 0 0 0 0])
  ("org-mode" .
   [2 0 0 0 0 0 0 0])
  ("add-hook" .
   [1 0 0 1 0 0 1 1])
  ("text-mode-hook" .
   [0 0 0 0 0 0 0 1 0 0 0 0 0 0])
  ("turn-on-auto-fill" .
   [0 0 0 0 0 0 0 0 0 0 1 0 0 0 0 0 0])
  ("using" .
   [1 0 1 0 0])
  ("float" .
   [10 1 1 1 2])
  ("bool" .
   [2 0 0 0])
  ("cout" .
   [2 0 0 0])
  ("endl" .
   [2 0 0 0])
  ("board" .
   [131 0 2 1 2])
  ("judge" .
   [7 0 0 3 0])
  ("j" .
   [2])
  ("in" .
   [27 0])
  ("range" .
   [31 0 0 1 1])
  ("solution" .
   [20 0 0 2 0 0 0 2])
  ("queen" .
   [12 0 0 0 0])
  ("rook" .
   [6 0 0 0])
  ("king" .
   [3 0 0 0])
  ("bishop" .
   [1 0 1 0 0 0])
  ("stack1" .
   [18 0 0 0 0 0])
  ("stack2" .
   [7 0 0 1 0 1])
  ("stack" .
   [23 0 0 0 0])
  ("top1" .
   [16 0 0 0])
  ("top2" .
   [12 0 0 0])
  ("cards" .
   [21 0 0 0 0])
  ("temp" .
   [209 0 0 1])
  ("card" .
   [6 0 0 0])
  ("stdlib" .
   [4 0 0 0 0 0])
  ("TNode" .
   [2 0 0 0 0])
  ("addnode" .
   [1 0 0 0 0 0 0])
  ("root" .
   [42 0 0 0])
  ("newnode" .
   [2 0 0 1 0 0 0])
  ("have_value" .
   [2 0 0 0 3 1 0 0 0 0])
  ("left" .
   [43 0 0 0])
  ("right" .
   [33 0 1 1 0])
  ("node" .
   [19 0 0 0])
  ("MAX" .
   [34 0 2])
  ("queue" .
   [9 0 1 1 3])
  ("quene" .
   [1 0 0 0 0])
  ("front" .
   [25 0 0 0 0])
  ("rear" .
   [36 0 0 1])
  ("input_node" .
   [0 0 0 0 0 2 1 0 0 0])
  ("failed" .
   [4 0 0 0 0 0])
  ("mat" .
   [45 0 0])
  ("raw_input" .
   [1 0 0 1 0 0 0 0 0])
  ("define_mat" .
   [0 0 0 0 0 1 0 0 0 0])
  ("stop" .
   [2 0 0 0])
  ("len" .
   [57 0 2])
  ("rows" .
   [20 0 0 0])
  ("dfs" .
   [18 0 0])
  ("evernote-mode" .
   [0 0 0 0 1 0 0 0 1 0 0 0 1])
  ("kbd" .
   [2 0 1])
  ("global-set-key" .
   [0 0 0 0 1 2 0 0 0 0 0 0 0 0])
  ("evernote-login" .
   [0 0 0 0 0 0 0 0 0 0 0 1 0 0])
  ("fun" .
   [16 0 0])
  ("time" .
   [21 0 0 0])
  ("short" .
   [10 0 0 0 2])
  ("10001" .
   [2 0 0 0 0])
  ("str" .
   [32 0 0])
  ("gets" .
   [3 0 0 0])
  ("getchar" .
   [2 0 0 0 0 0 0])
  ("toupper" .
   [0 0 0 1 0 0 0])
  ("tolower" .
   [0 0 0 0 1 0 0])
  ("aver" .
   [6 0 0 0])
  ("st" .
   [7 0])
  ("new" .
   [10 0 0])
  ("friends" .
   [0 0 10 4 0 0 0])
  ("10000000" .
   [2 0 0 0 0 0 0 0])
  ("11" .
   [9 0])
  ("a" .
   [3])
  ("la" .
   [6 0])
  ("lb" .
   [7 0])
  ("ci" .
   [3 0])
  ("25" .
   [1 0])
  ("cairo" .
   [3 0 0 0 2])
  ("cairo_t" .
   [3 0 0 0 0 0 0])
  ("cr" .
   [15 0])
  ("cairo_move_to" .
   [1 0 0 0 0 0 0 0 0 0 1 0 0])
  ("nums" .
   [6 0 0 1])
  ("GtkWidget" .
   [0 0 0 0 2 0 0 0 3])
  ("button" .
   [5 0 0 0 0 0])
  ("g_signal_connect" .
   [1 0 0 0 0 0 0 0 0 0 0 0 0 1 0 0])
  ("G_CALLBACK" .
   [0 0 1 1 0 0 0 0 0 0])
  ("gpointer" .
   [2 0 2 0 0 0 0 0])
  ("MAX_NUM" .
   [1 0 0 0 0 0 0])
  ("widget" .
   [13 0 0 1 0 0])
  ("paint" .
   [2 0 0 0 0])
  ("darea" .
   [2 0 0 1 0])
  ("G_OBJECT" .
   [0 0 0 1 1 0 0 0])
  ("TRUE" .
   [3 0 1 0])
  ("500" .
   [4 0 0])
  ("50" .
   [3 0])
  ("motion" .
   [2 0 0 0 0 0])
  ("width" .
   [0 0 0 0 1])
  ("gint" .
   [1 0 0 0])
  ("FALSE" .
   [1 0 1 0 0])
  ("START" .
   [0 0 1 0 0])
  ("gdk_cairo_create" .
   [2 0 0 0 0 0 0 0 0 0 0 0 0 0 0 0])
  ("window" .
   [4 0 0 0 0 0])
  ("cairo_set_source_rgb" .
   [0 0 0 0 0 0 0 0 0 1 0 0 0 0 0 0 0 0 0 0])
  ("cairo_line_to" .
   [1 0 0 0 0 0 0 0 0 0 0 0 0])
  ("400" .
   [7 0 0])
  ("cairo_stroke" .
   [0 0 0 0 1 0 0 0 0 0 0 0])
  ("cairo_destroy" .
   [0 0 0 0 0 0 0 0 1 0 0 0 0])
  ("height" .
   [1 0 0 0 0 0])
  ("line_pointer" .
   [0 0 0 0 1 0 0 0 0 0 0 0])
  ("point_y" .
   [0 0 0 0 0 0 7])
  ("pixmap" .
   [0 0 0 1 0 0])
  ("cr2" .
   [1 0 0])
  ("pthread" .
   [2 0 0 1 0 0 3])
  ("get_data" .
   [1 0 0 3 0 0 0 0])
  ("lable" .
   [3 0 0 1 0])
  ("GtkLable" .
   [0 0 0 0 3 0 0 0])
  ("GtkLabel" .
   [1 0 0 0 0 0 0 0])
  ("pthread_t" .
   [1 0 0 0 0 0 0 0 0])
  ("a_thread" .
   [0 0 0 1 1 0 0 0])
  ("work_mutex" .
   [1 0 2 1 0 1 0 0 0 0])
  ("pthread_mutex_t" .
   [0 0 0 0 0 0 0 0 0 0 0 0 0 0 1])
  ("pthread_mutex_lock" .
   [0 0 1 0 0 0 0 0 0 0 0 0 0 0 0 0 0 0])
  ("sleep" .
   [3 0 6 3 1])
  ("gtk_widget_show_all" .
   [0 0 0 0 0 0 1 0 0 0 0 0 0 0 0 0 0 0 0])
  ("sy" .
   [1 0])
  ("path" .
   [8 0 1 1])
  ("clock" .
   [0 0 0 1 0])
  ("wx" .
   [3 0])
  ("get_person" .
   [1 0 0 0 0 0 0 0 0 0])
  ("passwd" .
   [3 0 0 0 0 0])
  ("try" .
   [1 0 0])
  ("except" .
   [0 0 0 0 1 0])
  ("exit" .
   [1 0 0 0])
  ("u" .
   [1])
  ("cursor" .
   [2 0 0 0 0 1])
  ("sql" .
   [1 0 0])
  ("check_user" .
   [4 0 0 0 2 1 0 0 0 0])
  ("process_DB" .
   [1 0 0 0 2 0 0 0 0 0])
  ("__init__" .
   [1 0 0 0 0 0 1 0])
  ("None" .
   [4 0 0 0])
  ("test" .
   [6 0 0 0])
  ("self" .
   [13 0 0 0])
  ("__name__" .
   [1 0 0 0 0 0 0 0])
  ("win" .
   [3 0 0])
  ("x" .
   [4])
  ("df" .
   [1 0])
  ("//bin/" .
   [0 0 1 0 0 0])
  ("strcpy" .
   [2 0 0 0 0 0])
  ("search" .
   [2 0 0 0 1 0])
  ("cur" .
   [14 0 0])
  ("tot" .
   [3 0 0])
  ("array" .
   [12 0 0 0 0])
  ("2" .
   [2])
  ("public" .
   [3 0 0 0 1 0])
  ("machine" .
   [1 0 0 0 2 0 0])
  ("private" .
   [1 0 0 0 3 0 0])
  ("goods" .
   [3 0 0 0 0])
  ("System" .
   [3 0 1 2 0 1])
  ("out" .
   [5 0 0])
  ("println" .
   [2 0 1 0 0 0 1])
  ("Scanner" .
   [1 0 0 0 0 0 0])
  ("select" .
   [1 0 0 0 0 1])
  ("nextInt" .
   [0 0 0 1 0 0 0])
  ("leaving" .
   [9 0 1 0 5 0 0])
  ("money" .
   [8 0 1 1 0])
  ("gcd" .
   [3 0 0])
  ("player1" .
   [2 0 0 0 1 0 0])
  ("player2" .
   [2 0 0 1 0 0 0])
  ("cmpstr" .
   [0 0 1 0 0 0])
  ("const" .
   [18 0 0 0 2])
  ("suma" .
   [20 0 0 0])
  ("sumb" .
   [17 0 0 0])
  ("memset" .
   [5 0 2 5 0 0])
  ("9999999999" .
   [1 0 0 0 0 0 0 0 0 0])
  ("limit" .
   [2 0 1 0 0])
  ("bigger" .
   [2 0 0 0 0 0])
  ("MAXN" .
   [1 0 0 0])
  ("w" .
   [1])
  ("milk" .
   [3 0 1 1])
  ("1200" .
   [1 0 0 0])
  ("mid" .
   [45 0 0])
  ("mmid" .
   [6 0 0 0])
  ("Backtrack" .
   [0 0 0 1 0 0 0 0 0])
  ("check" .
   [2 0 0 0 0])
  ("x0" .
   [7 0])
  ("y0" .
   [5 0])
  ("x1" .
   [7 0])
  ("y1" .
   [8 0])
  ("r" .
   [5])
  ("x2" .
   [8 0])
  ("Queue" .
   [0 0 1 0 0])
  ("10005" .
   [1 0 0 1 0])
  ("visit" .
   [12 0 4 10 13])
  ("10002" .
   [1 0 1 0 2])
  ("lose" .
   [2 0 0 0])
  ("ch" .
   [18 1])
  ("100000" .
   [2 0 0 0 0 0])
  ("ip_count" .
   [3 0 0 0 2 2 0 2])
  ("times" .
   [8 0 0 1 0])
  ("iptime" .
   [2 0 3 1 1 2])
  ("ipcount" .
   [1 0 0 3 0 0 0])
  ("ip" .
   [2 0])
  ("cstdlib" .
   [1 0 0 0 0 0 0])
  ("ans" .
   [30 0 0])
  ("visited" .
   [1 0 1 2 1 0 0])
  ("tempx" .
   [14 0 0 0 0])
  ("tempy" .
   [10 0 0 0 0])
  ("lines" .
   [11 0 0 0 0])
  ("booms" .
   [3 0 0 0 0])
  ("abd" .
   [0 0 1])
  ("p2" .
   [1 0])
  ("cnt" .
   [4 0 0])
  ("192" .
   [2 0 0])
  ("fp_out" .
   [1 0 0 0 0 0])
  ("buffer_in" .
   [3 0 0 0 0 0 1 0 2])
  ("buffer_out" .
   [5 0 0 0 0 0 0 0 0 0])
  ("252" .
   [5 0 0])
  ("weibo-user-p" .
   [0 0 0 2 0 0 0 0 0 0 0 0])
  ("weibo-display-image" .
   [0 0 0 0 0 0 0 0 0 0 1 0 0 0 0 0 0 0 0])
  ("set" .
   [2 0 1])
  ("BinSearch" .
   [0 0 0 1 0 0 0 0 0])
  ("low" .
   [5 0 0])
  ("global-ede-mode" .
   [0 0 0 0 0 0 0 0 1 0 1 0 0 0 0])
  ("eieio" .
   [0 0 1 0 0])
  ("load-file" .
   [3 0 0 0 1 0 0 0 1])
  ("nil" .
   [1 0 0])
  ("cedet" .
   [2 1 0 1 0])
  ("log" .
   [1 0 1])
  ("~/.emacs.d/cedet-1.1/common" .
   [0 0 0 1 0 0 0 0 0 0 0 0 0 0 0 0 0 0 0 0 0 0 0 0 0 0 0])
  ("define-key" .
   [4 0 0 0 0 0 0 0 0 3])
  ("dired-mode" .
   [0 0 0 0 0 2 0 1 0 0])
  ("dolist" .
   [0 0 0 0 0 1])
  ("dired-mode-hook" .
   [2 0 0 0 0 0 0 0 0 0 0 0 0 0 0])
  ("hook" .
   [1 0 0 0])
  ("define-key*" .
   [0 0 0 0 0 0 1 0 0 0 3])
  ("lambda" .
   [2 0 1 0 0 0])
  ("defun*" .
   [0 0 0 1 0 1])
  ("interactive" .
   [0 0 0 0 0 1 0 0 0 0 0])
  ("autoload" .
   [0 0 0 0 1 0 0 0])
  ("semantic" .
   [0 0 1 0 0 0 0 2])
  ("semantic-gcc" .
   [0 0 0 0 0 0 0 0 0 0 1 0])
  ("semantic-add-system-include" .
   [0 0 0 0 0 0 0 0 0 0 0 0 1 0 0 0 0 0 0 0 0 0 0 0 0 0 1])
  ("semantic-ia" .
   [1 0 0 0 0 0 0 0 0 0 0])
  ("hl-line-move" .
   [0 0 0 0 0 0 0 0 0 0 0 1])
  ("hl-line-mode" .
   [1 0 0 0 0 0 0 0 0 0 0 0])
  ("wikipedia" .
   [0 0 0 0 1 0 0 0 0])
  ("color" .
   [2 0 0 0 0])
  ("unsigned" .
   [0 0 0 9 4 0 0 8])
  ("vram" .
   [1 0 0 0])
  ("xsize" .
   [1 0 0 0 0])
  ("0xa0000" .
   [1 0 0 0 0 0 0])
  ("MOUSE_DEC" .
   [0 0 0 0 0 0 0 0 1])
  ("mdec" .
   [2 0 0 0])
  ("init_keyboard" .
   [0 0 0 0 0 0 0 0 1 0 0 0 0])
  ("mousebuf" .
   [0 0 0 0 0 1 0 0])
  ("128" .
   [1 0 0])
  ("PORT_KEYDAT" .
   [1 0 0 0 0 0 0 0 0 0 0])
  ("mouse" .
   [0 0 1 0 0])
  ("a0" .
   [9 0])
  ("a1" .
   [8 0])
  ("t1" .
   [4 0])
  ("t2" .
   [4 0])
  ("t3" .
   [3 0])
  ("t4" .
   [3 0])
  ("d1" .
   [1 0])
  ("d2" .
   [2 0])
  ("d3" .
   [1 0])
  ("d4" .
   [1 0])
  ("d01" .
   [1 0 0])
  ("d10" .
   [1 0 1])
  ("MOD" .
   [6 0 0])
  ("0" .
   [2])
  ("5002" .
   [2 0 0 0])
  ("5001" .
   [1 0 0 0])
  ("cmdline" .
   [1 0 0 1 0 0 0])
  ("0x0a" .
   [1 0 0 0])
  ("cursor_x" .
   [0 0 1 0 0 0 0 1])
  ("224" .
   [1 0 0])
  ("set_segmdesc" .
   [1 0 0 0 0 1 0 0 0 0 0 0])
  ("gdt" .
   [2 0 0])
  ("finfo" .
   [1 0 0 0 1])
  ("AR_CODE32_ER" .
   [0 0 0 0 0 1 0 0 0 0 0 0])
  ("farjmp" .
   [0 0 0 1 0 0])
  ("1003" .
   [3 0 0 0])
  ("memman_free_4k" .
   [0 0 0 0 0 0 0 0 0 1 0 0 0 0])
  ("SEGMENT_DESCRIPTOR" .
   [0 0 0 2 0 0 0 0 0 0 0 0 0 0 0 0 0 0])
  ("ADR_GDT" .
   [1 0 0 0 0 0 0])
  ("hlt" .
   [1 0 0])))
